4.705632942961528897e+00 3.749208529712632298e+00 1.658253846457228065e+00 1.011309531913138926e+01 1.146366111608222127e+01
6.929679820081219077e+00 6.491530477302148938e+00 3.835435406770557165e+00 1.725664570415392518e+01 1.857652143714949489e+01
5.741778148105368018e+00 5.267677301308140159e+00 2.918334845453500748e+00 1.392779029486700892e+01 1.526449953019618988e+01
5.549308373127132654e+00 5.283931748243048787e+00 2.930626727407798171e+00 1.376386684877797961e+01 1.510150373680517077e+01
6.352907263906672597e+00 6.156747207976877689e+00 3.582677116850391030e+00 1.609233158873394132e+01 1.743244132492691278e+01
3.767379658063873649e+00 3.475292883813381195e+00 1.599789182655513287e+00 8.842461724532768130e+00 1.019987876806408167e+01
4.078066985122859478e+00 3.688380627427250147e+00 1.640625526895746589e+00 9.407073139445856214e+00 1.073514105007052422e+01
4.182325307046994567e+00 4.072595743695273995e+00 1.994335338938981295e+00 1.024925638968124986e+01 1.158396450290456414e+01
4.004031181801110506e+00 3.860589544521644711e+00 1.828895867802202702e+00 9.693516594124957919e+00 1.105144960992038250e+01
4.347473897039890289e+00 3.967136389575898647e+00 1.712956076487898827e+00 1.002756636310368776e+01 1.106694416305981576e+01
1.819293706282041967e+01 1.869591012643650174e+01 1.165586901106871665e+01 4.854471620032563806e+01 5.046650633984245360e+01
1.849669554107822478e+01 1.885121176927350461e+01 1.170210120338015258e+01 4.905000851373188198e+01 5.094663081807084382e+01
4.265526829054579139e+00 4.318866475485265255e+00 1.650539183523505926e+00 1.023493248806335032e+01 1.153626486309804022e+01
4.658120484091341496e+00 4.217544390819966793e+00 2.078594408929347992e+00 1.095425928384065628e+01 1.223919761902652681e+01
4.973958337912335992e+00 4.300979462685063481e+00 1.636467967415228486e+00 1.091140576801262796e+01 1.222286990610882640e+01
2.170890104491263628e+01 2.265903768991120160e+01 5.647139935754239559e+00 5.001507867057807744e+01 5.213577630999498069e+01
2.177736415294930339e+01 2.421958104614168406e+01 4.229806103277951479e+00 5.022675130236893892e+01 5.230939833587035537e+01
2.274526157090440392e+01 2.475410598865710199e+01 3.979972442379221320e+00 5.147934000194072723e+01 5.362517681601457298e+01
2.345187573903240263e+01 2.419650891749188304e+01 7.964173212880268693e+00 5.561255786940455437e+01 5.778254207107238472e+01
2.296934105386026204e+01 2.435326043539680541e+01 7.996404524426907301e+00 5.531900601368397474e+01 5.743895761109888554e+01
2.295893262280151248e+01 2.473594101518392563e+01 7.996903240913525224e+00 5.569177687889896333e+01 5.783110731793567538e+01
2.281011230195872486e+01 2.668718086509034038e+01 1.529596098093315959e+01 6.479325414798222482e+01 6.696477044187486172e+01
2.257060421397909522e+01 2.854539763974025846e+01 1.685599100706167519e+01 6.797199286078102887e+01 7.017705204384401441e+01
2.178001166693866253e+01 2.304647075221873820e+01 7.438779633026570082e+00 5.226526205218397081e+01 5.514789856714196503e+01
2.161383961304090917e+01 2.327123125107027590e+01 7.614569951081648469e+00 5.249964081519283354e+01 5.462642986606806517e+01
2.193788053514435887e+01 2.385615084064193070e+01 7.453734024893492460e+00 5.324776540067978203e+01 5.598829151690006256e+01
2.275951170688495040e+01 2.774826900917105377e+01 1.558641833998262882e+01 6.609419905603863299e+01 6.825614290009252727e+01
2.192508148797787726e+01 2.401837481395341456e+01 2.421034141583368182e+01 7.015379771776497364e+01 7.215776165504939854e+01
2.255145045788958669e+01 2.998200117447413504e+01 1.885307091288268566e+01 7.138652254524640739e+01 7.359674588707275689e+01
2.290745200007222593e+01 2.563989236438646913e+01 2.827715376461856067e+01 7.682449812907725573e+01 7.904440562310628593e+01
2.389127055602148175e+01 2.711795891937799752e+01 2.589013825403526425e+01 7.689936772943474352e+01 7.910483191302046180e+01
2.186238284595310688e+01 3.043124655098654330e+01 2.113016088516451418e+01 7.342379028210416436e+01 7.559686707588844001e+01
2.008921660878695548e+01 2.055084800673648715e+01 1.981804206827655435e+01 6.045810668379999697e+01 6.264123571105301380e+01
2.253020181297324598e+01 2.412488789204508066e+01 2.888043029769323766e+01 7.553552000271156430e+01 7.769421929796226323e+01
2.272156475600786507e+01 2.931167035433463752e+01 2.423764534620568156e+01 7.627088045654818416e+01 7.848035601503215730e+01
2.486395958508364856e+01 2.595363417128100991e+01 9.955697997938841581e+00 6.077329175430350006e+01 6.288757103402167559e+01
2.474798187497071922e+01 2.688397689606063068e+01 1.035611564805731177e+01 6.198807441908866167e+01 6.406034605787135661e+01
2.243945810804143548e+01 2.444065433950163424e+01 8.932530940277501941e+00 5.581264338782057166e+01 5.795251833600923419e+01
1.851945142168551683e+01 1.999829984176903963e+01 5.066034751478582621e+00 4.358378601493313909e+01 4.581386175611987710e+01
1.811460255319252610e+01 1.961111479625105858e+01 4.922895466443151236e+00 4.264861281588673592e+01 4.480975573090836406e+01
1.965046555595472455e+01 2.174473179876804352e+01 5.066354407463222742e+00 4.646155176218599081e+01 4.854314111918210983e+01
2.059019058430567384e+01 2.250890707317739725e+01 6.233194442465901375e+00 4.933229209994897246e+01 5.155667451024055481e+01
1.992125004203990102e+01 2.371467584511265159e+01 5.592954575084149837e+00 4.922888046223670244e+01 5.137424715096130967e+01
1.736108983168378472e+01 1.910689463652670383e+01 5.002151684835553169e+00 4.147013615304604173e+01 4.362502035405486822e+01
1.868529515992850065e+01 2.176095840800553560e+01 5.003470841795206070e+00 4.544972440972924232e+01 4.760370861925184727e+01
1.808053581183776259e+01 1.865665453998371959e+01 5.004391040187329054e+00 4.174158139200881124e+01 4.395980038680136204e+01
1.874394511431455612e+01 2.255085374508053064e+01 6.228289145044982433e+00 4.752308800444006920e+01 4.983343989634886384e+01
1.828462597401812673e+01 1.936032405868172646e+01 5.508018538355827332e+00 4.315296857105568051e+01 4.586903754202648997e+01
1.836528521496802568e+01 1.919612472038716078e+01 5.527758461888879538e+00 4.308916839724406600e+01 4.527255809400230646e+01
