6.780561122624203563e+01 1.343172338982112706e+02 2.021228451244533062e+02 2.097696082796901464e+02
6.724007275514304638e+01 1.331378590520471334e+02 2.003779318071901798e+02 2.077905673203058541e+02
6.538707931619137526e+01 1.291709102476015687e+02 1.945579895637929440e+02 2.019292651326395571e+02
6.377012486197054386e+01 1.285857673408463597e+02 1.923558922028169036e+02 1.993763332962989807e+02
6.856852075364440680e+01 1.385111754713580012e+02 2.070796962250024080e+02 2.143519313889555633e+02
6.933715391810983419e+01 1.358184523256495595e+02 2.051556062437593937e+02 2.125533272889442742e+02
6.742985555669292808e+01 1.368851031609810889e+02 2.043149587176740170e+02 2.118164691422134638e+02
6.599073491292074323e+01 1.306123314518481493e+02 1.966030663647688925e+02 2.038386639221571386e+02
6.561879312712699175e+01 1.328933743829838932e+02 1.985121675101108849e+02 2.056579217347316444e+02
6.572332815919071436e+01 1.294426191127859056e+02 1.951659472719766200e+02 2.023999396199360490e+02
6.793616575095802546e+01 1.342588445185683668e+02 2.021950102695263922e+02 2.110826286920346320e+02
6.637548399204388261e+01 1.333470273539423943e+02 1.997225113459862769e+02 2.072544919182546437e+02
6.536107421293854713e+01 1.291653676833957434e+02 1.945264418963342905e+02 2.017846756512299180e+02
1.212219784134067595e+02 1.342938310904428363e+02 2.555158095038495958e+02 2.630354468291625381e+02
5.587372499192133546e+01 1.298722836873494089e+02 1.857460086792707443e+02 1.929853601218201220e+02
5.925825463514775038e+01 1.253477430478669703e+02 1.846059976830147207e+02 1.917014833609573543e+02
5.764413801766932011e+01 1.321833126633428037e+02 1.898274506810121238e+02 1.972374686538241804e+02
4.981246067304164171e+01 1.173215101016685367e+02 1.671339707747101784e+02 1.742424401370808482e+02
5.161288200458511710e+01 1.197466235123574734e+02 1.713595055169425905e+02 1.784702555080875754e+02
5.349875246267765760e+01 1.215702836862765253e+02 1.750690361489541829e+02 1.821604291582480073e+02
5.371210927888751030e+01 1.230462179891765118e+02 1.767583272680640221e+02 1.840366947338916361e+02
5.390652257902547717e+01 1.243767909398302436e+02 1.782833135188557208e+02 1.854805736239068210e+02
5.516619104286655784e+01 1.265337452893145382e+02 1.816999363321810961e+02 1.891636483459733427e+02
5.549201914202421904e+01 1.250845051789656281e+02 1.805765243209898472e+02 1.878661993509158492e+02
5.086921891197562218e+01 1.204042039439082146e+02 1.712734228558838367e+02 1.789272486288100481e+02
5.258767096605151892e+01 1.205797274224460125e+02 1.731673983884975314e+02 1.811643739799037576e+02
5.414248814387246966e+01 7.392667813925072551e+01 1.280691662831231952e+02 1.351901149279437959e+02
5.550126623641699553e+01 7.539078404288738966e+01 1.308920502793043852e+02 1.378720291750505567e+02
5.601826421916484833e+01 7.804213362932205200e+01 1.340603978484869003e+02 1.418224979680962861e+02
5.613621830102056265e+01 6.178647853806614876e+01 1.179226968390867114e+02 1.251263412102125585e+02
5.321732890699058771e+01 6.184088353533297777e+01 1.150582124423235655e+02 1.218941448964178562e+02
5.512107284041121602e+01 6.187736429786309600e+01 1.169984371382743120e+02 1.242452332102693617e+02
5.516281718388199806e+01 6.174319698708131909e+01 1.169060141709633172e+02 1.243706647441722453e+02
6.300410523358732462e+01 6.211931380955502391e+01 1.251234190431423485e+02 1.322097633238881826e+02
5.831177378119900823e+01 6.313600414339452982e+01 1.214477779245935380e+02 1.284365608808584511e+02
5.570238016173243523e+01 9.952154615707695484e+01 1.552239263188093901e+02 1.625511878081597388e+02
5.542978004179894924e+01 6.560534425033256412e+01 1.210351242921315134e+02 1.280907574631273746e+02
5.721934879804030061e+01 7.181433733226731420e+01 1.290336861303076148e+02 1.363515891968272626e+02
5.635994254890829325e+01 3.325935176061466336e+01 8.961929430952295661e+01 9.686249118112027645e+01
5.824279179610311985e+01 1.670504349842667580e+02 2.252932267803698778e+02 2.327705690776929259e+02
5.949760301178321242e+01 7.966938072768971324e+01 1.391669837394729257e+02 1.465690648178569973e+02
5.982131303707137704e+01 2.895741820614784956e+01 8.877873124321922660e+01 9.629493757383897901e+01
6.318081170227378607e+01 6.745192170981317759e+01 1.306327334120869637e+02 1.383439354421570897e+02
5.958647220302373171e+01 7.384401094866916537e+01 1.334304831516928971e+02 1.412833689139224589e+02
5.739714368665590882e+01 6.628454120270907879e+01 1.236816848893649876e+02 1.313721425449475646e+02
5.526980338105931878e+01 6.650643805554136634e+01 1.217762414366006851e+02 1.287229977869428694e+02
5.691539721097797155e+01 6.759139499114826322e+01 1.245067922021262348e+02 1.319811437898315489e+02
5.648748842300847173e+01 6.737222605571150780e+01 1.238597144787199795e+02 1.315220470353960991e+02
6.076724443165585399e+01 7.008459248580038548e+01 1.308518369174562395e+02 1.388567002303898335e+02
4.711415721199955442e+01 5.803305284198359004e+01 1.051472100539831445e+02 1.158598736650019418e+02
4.827756022600078722e+01 5.918445803500799229e+01 1.074620182610087795e+02 1.143163115010029287e+02
4.894744887399792788e+01 5.928005746101916884e+01 1.082275063350170967e+02 1.150946181630024512e+02
1.205226855230030196e+02 3.519409883919979620e+02 4.724636739150009817e+02 4.794734396769999876e+02
1.246813648809984443e+02 3.629122112760087475e+02 4.875935761570071918e+02 4.945216407139996591e+02
5.084693043600054807e+01 6.132859261100020376e+01 1.121755230470007518e+02 1.191535533700007363e+02
5.109763371300141443e+01 6.139022008401298081e+01 1.124878537970143952e+02 1.197052453230026003e+02
5.166944137600148679e+01 6.200207898901498993e+01 1.136715203650164767e+02 1.213045991549988685e+02
5.088307523200273863e+01 6.176007129400022677e+01 1.126431465260029654e+02 1.197130063859985967e+02
4.114297540099869366e+01 5.857787482799176360e+01 9.972085022899045725e+01 1.065216474420012673e+02
4.163729304300068179e+01 5.895770701498986455e+01 1.005950000579905463e+02 1.072826345299981767e+02
